9.089999422931592798e-01 9.589999989161482885e-01 1.476826551348982441e+00
9.089995092252618480e-01 9.089995092252618480e-01 1.221775499493999995e+00
1.008999353520362297e+00 1.008999353520362297e+00 1.768810106536000015e+00
1.008999744232447426e+00 9.090000560166864307e-01 1.409499105096283067e+00
1.008999224621775381e+00 9.089992786275045145e-01 1.631384049617697896e+00
9.089994623828780984e-01 1.008999429983952867e+00 1.339679460993179250e+00
9.089994566105642493e-01 1.008999356991300056e+00 1.681847228886436785e+00
1.008999749929317957e+00 1.008999749929317957e+00 1.481264849922000026e+00
9.089997310056096014e-01 9.089997310056096014e-01 1.474977168808000005e+00
1.008999143546857047e+00 9.089995030891270256e-01 1.291104255417627522e+00
1.008999620685533394e+00 1.008999620685533394e+00 1.595071772250000075e+00
9.089994913753735029e-01 9.089994913753735029e-01 1.593506466683999978e+00
