3  -18.709877575271463
3.1  -14.543985373827324
3.2  -11.353579095611428
3.3  -8.916788131245003
3.4  -7.058588297231511
3.5  -5.641959425769366
3.6  -4.560447819298774
3.7  -3.732007119099544
3.8  -3.093928336666653
3.9  -2.598683367857762
4  -2.210538217223026
4.1  -1.9028192058162035
4.2  -1.6557333276364432
4.3  -1.4546550152677777
4.4  -1.2887997259053983
4.5  -1.1502123870942196
4.6  -1.033007008552252
4.7  -0.9328026194576412
4.8  -0.8463097551042089
4.9  -0.7710303512723268
5  -0.7050417062230827
5.1  -0.6468418832612771
5.2  -0.5952394615825356
5.3  -0.5492749687312632
5.4  -0.5081647400254765
5.5  -0.4712605645695444
5.6  -0.4380203895705743
5.7  -0.40798676766458614
5.8  -0.380770735446293
5.9  -0.35603952291198054
6  -0.33350700497089647
6.1  -0.31292613298374894
6.2  -0.2940828311727764
6.3  -0.2767910040984515
6.4  -0.26088839793715846
6.5  -0.24623314489952297
6.6  -0.23270085112579647
6.7  -0.22018213884908677
6.8  -0.20858056182119072
6.9  -0.19781083427259236
7  -0.18779732470003904
7.1  -0.17847277472813208
7.2  -0.16977720667104407
7.3  -0.16165699150851726
7.4  -0.15406405124638584
7.5  -0.1469551786829808
7.6  -0.14029145167273452
7.7  -0.13403772886764878
7.8  -0.12816221636956135
7.9  -0.12263609129296568
8  -0.11743317474780628
