3    -0.8409188497549778
3.1  -0.7255420822666974
3.2  -0.6181774762661814
3.3  -0.522443003432393
3.4  -0.4397047254901043
3.5  -0.36873365950206605
3.6  -0.3090594509154565
3.7  -0.2577400679930597
3.8  -0.21684433725892482
3.9  -0.1830480394978875
4    -0.15505787944180582
4.1  -0.13207750709615973
4.2  -0.11312407918830036
4.3  -0.0942806867210122
4.4  -0.08215610362847436
4.5  -0.07193012474381444
4.6  -0.06346300208318256
4.7  -0.05634453194096556
4.8  -0.05040974363559836
4.9  -0.04537971825095488
5    -0.04118108235476847
5.1  -0.03753573377956165
5.2  -0.03449585215882711
5.3  -0.03191246385773394
5.4  -0.029648582737766938
5.5  -0.02781029862203399
5.6  -0.026132672382522926
5.7  -0.02471456164152236
5.9  -0.022480426694539812
7.5  -0.015653837520256536
7.7  -0.015353409694143033
5.8  -0.023506219689680974
6    -0.02148178783400667
6.1  -0.020733761390154704
6.2  -0.020024179965413447
6.3  -0.019386541426214432
6.4  -0.018870004262176554
6.5  -0.018361391962407325
6.6  -0.017942408893975803
6.7  -0.017552292153312887
6.8  -0.017231151661302735
6.9  -0.016915986425838136
7    -0.016639731306684058
7.1  -0.01639803085154201
7.2  -0.01619325760667889
7.3  -0.015984483753388623
7.4  -0.015809105336468288
7.6  -0.01551701274173281
7.8  -0.015274974797133245
7.9  -0.01517381237058174
8    -0.015063584662513105