3  -959.371619446202  -959.371619484208
3.1  -959.371619446202  -959.371619484211
3.2  -959.371619446202  -959.371619484216
3.3  -959.371619446202  -959.371619484213
3.4  -959.371619446202  -959.371619484209
3.5  -959.371619446202  -959.371619484205
3.6  -959.371619446202  -959.371619484227
3.7  -959.371619446202  -959.371619484221
3.8  -959.371619446202  -959.371619484211
3.9  -959.371619446202  -959.371619484208
4  -959.371619446202  -959.371619484216
4.1  -959.371619446202  -959.371619484212
4.2  -959.371619446202  -959.371619484207
4.3  -959.371619446202  -959.371619484205
4.4  -959.371619446202  -959.371619484227
4.5  -959.371619446202  -959.371619484224
4.6  -959.371619446202  -959.371619484215
4.7  -959.371619446202  -959.371619484209
4.8  -959.371619446202  -959.371619484216
4.9  -959.371619446202  -959.371619484208
5  -959.371619446202  -959.371619484204
5.1  -959.371619446202  -959.371619484204
5.2  -959.371619446202  -959.371619484225
5.3  -959.371619446202  -959.371619484218
5.4  -959.371619446202  -959.371619484212
5.5  -959.371619446202  -959.371619484205
5.6  -959.371619446202  -959.371619484216
5.7  -959.371619446202  -959.371619484211
5.8  -959.371619446202  -959.371619484202
5.9  -959.371619446202  -959.371619484204
6  -959.371619446202  -959.371619484220
6.1  -959.371619446202  -959.371619484223
6.2  -959.371619446202  -959.371619484213
6.3  -959.371619446202  -959.371619484209
6.4  -959.371619446202  -959.371619484218
6.5  -959.371619446202  -959.371619484212
6.6  -959.371619446202  -959.371619484201
6.7  -959.371619446202  -959.371619484206
6.8  -959.371619446202  -959.371619484223
6.9  -959.371619446202  -959.371619484223
7  -959.371619446202  -959.371619484210
7.1  -959.371619446202  -959.371619484208
7.2  -959.371619446202  -959.371619484223
7.3  -959.371619446202  -959.371619484211
7.4  -959.371619446202  -959.371619484203
7.5  -959.371619446202  -959.371619484206
7.6  -959.371619446202  -959.371619484219
7.7  -959.371619446202  -959.371619484222
7.8  -959.371619446202  -959.371619484211
7.9  -959.371619446202  -959.371619484215
8  -959.371619446202  -959.371619484221