3  -1918.726558349916
3.1  -1918.733282982698
3.2  -1918.738069547819
3.3  -1918.741405032697
3.4  -1918.743663970030
3.5  -1918.745133098034
3.6  -1918.746032235904
3.7  -1918.746527633587
3.8  -1918.746744073457
3.9  -1918.746773208554
4  -1918.746682163577
4.1  -1918.746519296004
4.2  -1918.746316634047
4.3  -1918.746099359366
4.4  -1918.745882433798
4.5  -1918.745670284556
4.6  -1918.745470933548
4.7  -1918.745288047665
4.8  -1918.745119244519
4.9  -1918.744963187345
5  -1918.744818290732
5.1  -1918.744686202172
5.2  -1918.744567326214
5.3  -1918.744457409715
5.4  -1918.744354513193
5.5  -1918.744261816053
5.6  -1918.744179014892
5.7  -1918.744104258961
5.8  -1918.744035925559
5.9  -1918.743974362568
6  -1918.743919451347
6.1  -1918.743869815312
6.2  -1918.743825411550
6.3  -1918.743784986801
6.4  -1918.743748503624
6.5  -1918.743715310368
6.6  -1918.743684951353
6.7  -1918.743657314354
6.8  -1918.743632049531
6.9  -1918.743608922517
7  -1918.743587665405
7.1  -1918.743568078300
7.2  -1918.743550003766
7.3  -1918.743533297992
7.4  -1918.743517876821
7.5  -1918.743503567870
7.6  -1918.743490249317
7.7  -1918.743477844116
7.8  -1918.743466248216
7.9  -1918.743455391531
8  -1918.743445218238
