1.002999905528643820e+00 1.348087712028625651e+00 9.289996145018517559e-01
8.989994541210969414e-01 1.215077076656211563e+00 9.089994960955011249e-01
1.002999654468143653e+00 1.774705880205491804e+00 1.018999726060596522e+00
1.002999844300714205e+00 1.358923675405942832e+00 1.018999575549319969e+00
8.989992860552528109e-01 1.407769821780744612e+00 9.089996009733899429e-01
8.989995546421222228e-01 1.668002542542852629e+00 1.018999558094673130e+00
1.002999670359126849e+00 1.678748350546519053e+00 9.089997558663687194e-01
8.989994138117923805e-01 1.474394622285777556e+00 1.018999444869751247e+00
1.002999580994609286e+00 1.286830817027446061e+00 9.089996335842238651e-01
8.989993735892357618e-01 1.292038532702100451e+00 1.018999329376008900e+00
1.002999742021683627e+00 1.620901699284517328e+00 1.018999627443750056e+00
